1562306351.63862
1562306472.37922
1562306592.39345
1562306712.41816
1562306832.43092
1562306952.43783
1562307074.09855
1562307194.11293
1562307314.12903
1562307434.14626
1562307554.15105
1562307674.16329
1562307794.17779
1562307914.19453
1562308034.20244
1562308154.21403
1562308274.21858
1562308394.23506
1562308514.25765
1562308634.27302
1562308754.28319
1562308874.29127
1562308994.29239
1562309114.2979
1562309234.30777
1562309354.31995
1562309474.33805
1562309594.36098
1562309714.36741
1562309834.38488
1562309954.39959
1562310074.41572
1562310194.43114
1562310314.45374
1562310434.45621
1562310554.47649
1562310674.48375
1562310794.49008
1562310914.50742
1562311034.5268
1562311154.53687
1562311274.544
1562311394.552
1562311514.55513
1562311634.56332
1562311754.57168
1562311874.58504
1562311994.59668
1562312114.61737
1562312234.62889
1562312354.64803
1562312474.65802
1562312594.67038
1562312714.68116
1562312834.69537
1562312954.7033
1562313074.72188
1562313194.73778
1562313314.7395
1562313434.75434
1562313554.76709
1562313674.77149
1562313794.79047
1562313914.80666
1562314034.81129
1562314154.81571
1562314274.82336
1562314394.84036
1562314514.84701
1562314634.85519
1562314754.8685
1562314874.8853
1562314994.89537
1562315114.90744
1562315234.91233
1562315354.92625
1562315474.93569
1562315594.94803
1562315714.9554
1562315834.96657
1562315954.98034
1562316074.98626
1562316194.99402
1562316315.00258
1562316435.01698
1562316555.02426
1562316675.04366
1562316795.0557
1562316915.05842
1562317035.07026
1562317155.07938
1562317275.09612
1562317395.10493
1562317515.12213
1562317635.12937
1562317755.14363
1562317875.15882
1562317995.16674
1562318115.17413
1562318235.18708
1562318355.19629
1562318475.20464
1562318595.22386
1562318715.23664
1562318835.24683
1562318955.26591
1562319075.26654
1562319195.28743
1562319315.74929
1562319437.6112
1562319557.62925
1562319677.65187
1562319797.66296
1562319917.6675
1562320037.68529
1562320157.68863
1562320277.70353
1562320397.72561
1562320517.72734
1562320637.73981
1562320757.75667
1562320877.75817
1562320997.7776
1562321117.7969
1562321237.7982
1562321357.8174
1562321477.83351
1562321597.83404
1562321717.8405
1562321837.86117
1562321957.8788
1562322077.88652
1562322197.90831
1562322317.91733
1562322437.93259
1562322558.20437
1562322678.20928
1562322798.22515
1562322918.23392
1562323038.24853
1562323158.2537
1562323278.26519
1562323398.27341
1562323518.27724
1562323638.28696
1562323759.21936
1562323879.23578
1562323999.25841
1562324119.2741
1562324239.28402
1562324359.30615
1562324479.30904
1562324599.32105
1562324719.33639
1562324839.35169
1562324959.35836
1562325079.3685
1562325199.38546
1562325319.40035
1562325439.42429
1562325559.43444
1562325679.43927
1562325799.44821
1562325919.45111
1562326039.46828
1562326159.48301
1562326279.4933
1562326399.49902
1562326519.51785
1562326639.53271
1562326759.55246
1562326879.56306
1562326999.57438
1562327119.58776
1562327239.60415
1562327359.62053
1562327479.62422
1562327599.63832
1562327719.65008
1562327839.65472
1562327959.665
1562328079.66926
1562328199.67823
1562328319.69525
1562328439.71053
1562328559.729
1562328679.74029
1562328799.74362
1562328919.75184
1562329039.75972
1562329159.76165
1562329280.08468
1562329400.35142
1562329520.36137
1562329640.37543
1562329760.39721
1562329880.40319
1562330000.41847
1562330120.4412
1562330240.45025
1562330360.46696
1562330480.47673
1562330601.39213
1562330721.40449
1562330841.41241
1562330961.42796
1562331081.4437
1562331201.45227
1562331321.45881
1562331441.47628
1562331561.48539
1562331681.48813
1562331801.49684
1562331921.5104
1562332041.5251
1562332161.53495
1562332281.55878
1562332401.57591
1562332521.58007
1562332641.59876
1562332761.61545
1562332881.63679
1562333001.66078
1562333121.66685
1562333241.68343
1562333361.70451
1562333481.71252
1562333601.72992
1562333721.75004
1562333841.76668
1562333961.78102
1562334081.79809
1562334201.81292
1562334321.82313
1562334441.84736
1562334561.84688
1562334681.86351
1562334801.87296
1562334921.88264
1562335041.90064
1562335161.91358
1562335281.91685
1562335401.92593
1562335521.95103
1562335641.96259
1562335761.96929
1562335881.98848
1562336001.99141
1562336122.01
1562336242.02501
1562336362.0386
1562336482.04903
1562336602.06377
1562336722.07987
1562336842.09007
1562336962.10048
1562337082.10359
1562337202.12301
1562337323.05228
1562337443.06081
1562337563.06512
1562337683.08518
1562337803.09561
1562337923.11369
1562338043.12683
1562338163.14455
1562338283.15511
1562338403.1782
1562338523.19109
1562338643.20929
1562338763.22763
1562338883.23179
1562339003.24413
1562339123.25904
1562339243.27076
1562339363.28704
1562339483.30517
1562339603.31917
1562339723.32463
1562339843.34798
1562339963.35634
1562340083.36358
1562340203.37972
1562340323.39103
1562340443.40973
1562340563.43324
1562340683.4368
1562340803.44382
1562340923.46488
1562341043.47904
1562341163.49115
1562341283.5011
1562341403.51382
1562341523.53281
1562341643.54675
1562341763.55012
1562341883.56414
1562342003.57413
1562342123.58489
1562342243.59321
1562342363.60566
1562342483.61509
1562342603.63096
1562342723.64425
1562342843.65642
1562342963.66073
1562343083.68504
1562343203.694
1562343323.69907
1562343443.71205
1562343563.72001
1562343683.73056
1562343803.74131
1562343923.75685
1562344043.76214
1562344163.77081
1562344283.77264
1562344403.78316
1562344523.79049
1562344643.79296
1562344763.80143
1562344883.81354
1562345003.82179
1562345123.82864
1562345243.83897
1562345363.85379
1562345483.86907
1562345603.87887
1562345723.89388
1562345843.90671
1562345963.93236
1562346083.9456
1562346203.9521
1562346323.96775
1562346443.97898
1562346563.99359
1562346684.00465
1562346804.01683
1562346924.02431
1562347044.04217
1562347164.05972
1562347284.06563
1562347404.08033
1562347524.08271
1562347644.09407
1562347764.1168
1562347884.12593
1562348004.13798
1562348124.14901
1562348244.15365
1562348364.16372
1562348484.17363
1562348604.18753
1562348724.19128
1562348844.21096
1562348964.22854
1562349084.24378
1562349204.25113
1562349324.26651
1562349444.27723
1562349564.28567
1562349684.2995
1562349804.31733
1562349924.33621
1562350044.34573
1562350164.36146
1562350284.37925
1562350404.39057
1562350524.40895
1562350644.4295
1562350764.43573
1562350884.45388
1562351004.46464
1562351124.48186
1562351244.50088
1562351364.51705
1562351484.51903
1562351604.52926
1562351724.53879
1562351844.53845
1562351964.54832
1562352084.56074
1562352204.57162
1562352324.58365
1562352444.59154
1562352564.60101
1562352684.61532
1562352804.62764
1562352924.63783
1562353044.64856
1562353164.67006
1562353284.68381
1562353404.7043
1562353524.71171
1562353644.71561
1562353764.71961
1562353884.73904
1562354004.74823
1562354124.76433
1562354244.78549
1562354364.80197
1562354484.80627
1562354604.82716
1562354724.84012
1562354844.85488
1562354964.86666
1562355084.86918
1562355204.88739
1562355324.90197
1562355444.90902
1562355564.92647
1562355684.9341
1562355804.94035
1562355924.94652
1562356044.95414
1562356164.96358
1562356284.97985
1562356404.99594
1562356525.01185
1562356645.0321
1562356765.04021
1562356885.05013
1562357005.05958
1562357125.0716
1562357245.08908
1562357365.10385
1562357485.11754
1562357605.12282
1562357725.13573
1562357845.15721
1562357965.16806
1562358085.17829
1562358205.19541
1562358325.19493
1562358445.2104
1562358565.22467
1562358685.22584
1562358805.23561
1562358925.25766
1562359045.2579
1562359165.26405
1562359285.28639
1562359405.30352
1562359525.31282
1562359645.32783
1562359765.34054
1562359885.35112
1562360005.37438
1562360125.37972
1562360245.38855